#timestamp x y z qx qy qz qw
33.052000 0.035248 0.035565 0.101767 0.016070 -0.680949 0.731536 0.030101
34.052000 0.024769 0.088851 0.560507 0.022371 -0.676451 0.735282 0.035691
35.052000 0.021095 0.140193 1.067471 0.026116 -0.676444 0.735004 0.038868
36.052000 -0.024067 0.215905 1.580608 0.022243 -0.670880 0.740491 0.033149
37.052000 -0.030376 0.245418 2.025270 0.023363 -0.672780 0.738653 0.034843
38.052000 -0.036105 0.241912 2.179735 0.023089 -0.672349 0.739049 0.034937
39.052000 -0.037648 0.241974 2.352666 0.021993 -0.672028 0.739415 0.034058
40.052000 -0.031062 0.245618 2.544308 0.021651 -0.671403 0.740021 0.033437
41.052000 -0.019602 0.252798 2.777274 0.021863 -0.671845 0.739599 0.033754
42.056000 -0.012210 0.270881 3.025678 0.021985 -0.671539 0.739893 0.033317
43.056000 0.012347 0.274120 3.315011 0.022400 -0.672489 0.738994 0.033833
44.056000 0.042290 0.304143 3.598577 0.022270 -0.670856 0.740533 0.032676
45.152000 0.099476 0.343972 3.937705 0.022789 -0.671348 0.740033 0.033518
46.152000 0.126643 0.387493 4.256117 0.022435 -0.671085 0.740359 0.031791
47.164000 0.143382 0.438290 4.592059 0.020695 -0.670728 0.740842 0.029140
48.164000 0.186138 0.453167 4.949949 0.020819 -0.672383 0.739255 0.031142
49.180000 0.237731 0.530673 5.258592 0.021998 -0.669567 0.741696 0.032909
50.196000 0.241388 0.559966 5.638269 0.022051 -0.668975 0.742262 0.032154
51.208000 0.337526 0.624723 5.967053 0.023216 -0.665951 0.744802 0.035215
52.220000 0.248958 0.451523 5.019981 0.022394 -0.669191 0.742047 0.032379
53.220000 0.211399 0.281199 3.962161 0.022532 -0.671211 0.740240 0.031833
54.220000 0.164118 0.163030 2.949172 0.022364 -0.671605 0.739911 0.031287
55.224000 0.199153 0.064431 2.657140 0.044817 -0.678540 0.733052 0.014469
56.320000 0.268339 -0.177668 2.770128 0.085489 -0.676479 0.731232 -0.019204
57.320000 0.330905 -0.445312 2.832563 0.122024 -0.673120 0.727513 -0.052387
58.320000 0.445462 -0.700507 2.870806 0.157638 -0.668280 0.721976 -0.085461
59.320000 0.586145 -0.937657 2.952380 0.194233 -0.665169 0.711433 -0.116994
60.324000 0.775788 -1.169137 2.979288 0.229536 -0.658250 0.701014 -0.150334
61.424000 1.008830 -1.352828 2.974393 0.266566 -0.647192 0.690032 -0.184230
62.520000 1.255022 -1.550492 2.991687 0.304467 -0.637031 0.673832 -0.217812
63.520000 1.477298 -1.726762 3.015596 0.336989 -0.625995 0.657473 -0.249594
64.624000 1.752251 -1.882175 3.056961 0.372779 -0.611577 0.638275 -0.282159
65.720000 2.043552 -2.011237 3.059358 0.407928 -0.594928 0.618312 -0.312002
66.720000 2.294923 -2.162856 3.044499 0.436688 -0.577696 0.597769 -0.343866
67.720000 2.608814 -2.232748 3.053527 0.468735 -0.558747 0.576625 -0.368229
68.720000 2.881611 -2.312777 3.012657 0.495011 -0.538741 0.553862 -0.397440
69.724000 3.178652 -2.334142 2.970177 0.523280 -0.518327 0.528804 -0.421760
70.820000 3.475679 -2.347628 2.883255 0.550572 -0.492563 0.501263 -0.450542
71.820000 3.757862 -2.332236 2.800060 0.574373 -0.468809 0.474184 -0.474829
72.820000 4.079049 -2.279045 2.752083 0.599240 -0.445961 0.443987 -0.494879
73.820000 4.412317 -2.211003 2.688262 -0.621591 0.424090 -0.409820 0.515578
74.820000 4.697582 -2.114517 2.596717 -0.640701 0.396721 -0.380096 0.536321
75.820000 4.973793 -1.985650 2.492201 -0.656385 0.369409 -0.351028 0.556306
76.820000 5.356137 -1.875702 2.418854 -0.676505 0.344777 -0.310415 0.571937
77.820000 5.650758 -1.704325 2.333993 -0.691551 0.315904 -0.275787 0.588136
78.820000 5.810600 -1.477156 2.256616 -0.703068 0.279760 -0.250176 0.604021
79.820000 6.114206 -1.274210 2.172734 -0.714173 0.256991 -0.205396 0.617839
80.824000 6.221914 -0.999763 2.162516 -0.724771 0.218109 -0.178202 0.628792
81.920000 6.398709 -0.734741 2.120561 -0.733141 0.184790 -0.136898 0.640012
82.920000 6.585895 -0.443855 2.076768 -0.740589 0.156502 -0.096238 0.646354
83.920000 6.734526 -0.151352 2.031070 -0.745074 0.126944 -0.057128 0.652293
84.924000 6.833828 0.144852 2.014775 -0.748325 0.092119 -0.020910 0.656572
86.020000 6.957840 0.512692 1.970945 -0.749953 0.059756 0.025060 0.658310
87.020000 7.001888 0.853507 1.940672 -0.747536 0.028654 0.062852 0.660620
88.020000 7.007169 1.191304 1.929444 -0.744120 -0.005675 0.098085 0.660782
89.024000 7.028864 1.506419 1.863289 -0.736033 -0.035893 0.137744 0.661811
90.120000 7.007494 1.884943 1.862495 -0.729603 -0.069555 0.179170 0.656308
91.120000 6.921612 2.191327 1.865310 -0.720502 -0.102202 0.213662 0.651752
92.120000 6.815293 2.486305 1.854105 -0.708975 -0.133994 0.247443 0.646662
93.120000 6.683754 2.801533 1.840415 -0.697339 -0.165268 0.281579 0.638058
94.120000 6.545134 3.080805 1.797750 -0.682290 -0.196559 0.314934 0.629811
95.120000 6.364563 3.351787 1.760828 -0.665432 -0.227745 0.347198 0.620311
96.120000 6.161304 3.621125 1.731038 -0.648122 -0.257244 0.379075 0.608330
97.120000 5.897847 3.880460 1.705064 -0.628778 -0.288036 0.410376 0.594361
98.120000 5.604424 4.091347 1.705348 -0.608380 -0.317686 0.440212 0.578932
99.124000 5.252206 4.195615 1.687434 -0.584084 -0.345423 0.467471 0.566568
100.220000 4.843010 4.317186 1.743658 -0.559582 -0.375714 0.498473 0.545189
101.224000 4.463805 4.355990 1.775610 -0.534569 -0.402820 0.523828 0.526856
102.324000 4.046743 4.378976 1.798486 -0.505048 -0.431321 0.552176 0.503974
103.420000 3.631758 4.304877 1.827191 -0.473343 -0.457901 0.576777 0.483323
104.420000 3.268620 4.231331 1.864404 -0.445184 -0.481571 0.598179 0.460524
105.420000 2.889702 4.165448 1.870924 -0.414042 -0.503191 0.621098 0.435437
106.420000 2.559640 4.033872 1.870794 -0.381081 -0.523133 0.640428 0.413475
107.420000 2.227454 3.863429 1.939167 -0.349972 -0.543465 0.657045 0.387889
108.420000 1.922772 3.660570 1.976164 -0.316722 -0.560569 0.673233 0.363603
109.420000 1.640111 3.459367 2.028622 -0.283104 -0.577401 0.688667 0.334960
110.420000 1.399171 3.220504 2.084215 -0.249123 -0.594056 0.700421 0.307321
111.420000 1.152334 2.955857 2.129222 -0.214127 -0.608961 0.711315 0.278114
112.420000 0.942633 2.679529 2.174325 -0.177736 -0.621693 0.720832 0.249618
113.420000 0.733762 2.419247 2.239470 -0.142254 -0.634105 0.728728 0.215939
114.420000 0.612433 2.119185 2.294205 -0.106885 -0.642639 0.735201 0.187270
115.420000 0.509387 1.825282 2.377921 -0.070662 -0.652057 0.738577 0.155986
116.420000 0.404776 1.528144 2.466505 -0.035111 -0.659277 0.741114 0.121943
117.420000 0.358035 1.218993 2.541886 0.001414 -0.665006 0.741308 0.090707
118.420000 0.341310 0.933972 2.590273 0.038225 -0.667548 0.741187 0.059669
119.440000 0.351583 0.626294 2.630363 0.075209 -0.670130 0.737952 0.026404
120.536000 0.392036 0.309043 2.662498 0.114797 -0.670517 0.732894 -0.009763
121.540000 0.474931 0.022311 2.687635 0.150044 -0.669975 0.725888 -0.041318
122.640000 0.562799 -0.279752 2.682627 0.189845 -0.665892 0.717379 -0.076904
123.640000 0.645970 -0.551301 2.671563 0.224370 -0.661522 0.707139 -0.109548
124.740000 0.761082 -0.850954 2.657226 0.262639 -0.654950 0.693725 -0.144244
125.740000 0.891988 -1.114221 2.629635 0.295863 -0.647807 0.679557 -0.176107
126.836000 1.059400 -1.394998 2.594021 0.332744 -0.637497 0.662532 -0.209595
127.840000 1.252868 -1.631369 2.552590 0.365855 -0.626228 0.645461 -0.239518
128.840000 1.462740 -1.824445 2.489713 0.397555 -0.612283 0.628262 -0.268974
129.936000 1.698658 -2.010731 2.437876 0.431426 -0.596923 0.605673 -0.301188
130.936000 1.939583 -2.131232 2.390368 0.460968 -0.581223 0.584275 -0.329106
131.940000 2.199056 -2.242665 2.325187 -0.489180 0.564618 -0.559951 0.358279
132.940000 2.485075 -2.288362 2.269318 -0.516602 0.545717 -0.536658 0.383815
134.040000 2.811555 -2.340228 2.212770 0.544490 -0.524602 0.507764 -0.412916
135.040000 3.116433 -2.363813 2.159139 0.568720 -0.502743 0.481100 -0.438578
136.040000 3.434491 -2.369374 2.106894 0.591468 -0.480447 0.453064 -0.462676
137.136000 3.769722 -2.330466 2.054003 0.616317 -0.454246 0.421446 -0.486001
138.140000 4.060712 -2.275649 1.968662 -0.634037 0.429284 -0.392920 0.509240
139.240000 4.391761 -2.177477 1.902565 -0.653000 0.402296 -0.357692 0.532734
140.240000 4.692419 -2.046236 1.854739 -0.670128 0.375921 -0.325402 0.551113
141.340000 5.009840 -1.899065 1.809329 -0.685701 0.345602 -0.288141 0.572144
142.440000 5.275283 -1.688288 1.771907 -0.700779 0.312018 -0.253641 0.589253
143.440000 5.552780 -1.484163 1.781278 -0.713334 0.284318 -0.217465 0.602517
144.540000 5.869746 -1.253083 1.782166 -0.725653 0.254480 -0.172910 0.615443
145.540000 6.034532 -1.016683 1.754738 -0.732286 0.220361 -0.141860 0.628550
146.540000 6.291387 -0.772701 1.708244 -0.738666 0.193832 -0.098412 0.638058
147.540000 6.474011 -0.504179 1.633879 -0.742488 0.166446 -0.058436 0.646214
148.540000 6.563751 -0.233713 1.563944 -0.744242 0.132117 -0.023768 0.654282
149.636000 6.688157 0.116397 1.510814 -0.747639 0.102791 0.023036 0.655697
150.636000 6.672904 0.408461 1.480410 -0.747117 0.066766 0.056162 0.658942
151.644000 6.629908 0.666932 1.361587 -0.740964 0.033899 0.091559 0.664409
152.648000 6.581222 0.921304 1.278422 -0.733685 0.002062 0.128647 0.667198
153.744000 6.503910 1.211390 1.215081 -0.725214 -0.034670 0.168034 0.666804
154.744000 6.431893 1.455557 1.161262 -0.714708 -0.067865 0.204997 0.665254
155.744000 6.282345 1.679126 1.179151 -0.706738 -0.102644 0.234348 0.659596
156.744000 6.163678 1.896565 1.135717 -0.692730 -0.135062 0.270577 0.654730
157.744000 5.979313 2.096487 1.137387 -0.679604 -0.166587 0.302771 0.647083
158.748000 5.791637 2.278064 1.148361 -0.664283 -0.198257 0.334810 0.638219
159.848000 5.583604 2.496534 1.184393 -0.647008 -0.232669 0.371815 0.623698
160.944000 5.343006 2.675121 1.194413 -0.625630 -0.266265 0.405932 0.610663
161.944000 5.096494 2.821867 1.215713 -0.606222 -0.295849 0.435354 0.596184
162.944000 4.846441 2.927904 1.202727 -0.583250 -0.324424 0.464288 0.582242
163.944000 4.577953 3.017708 1.200939 -0.561171 -0.354606 0.490662 0.564439
164.944000 4.298283 3.085153 1.165278 -0.534669 -0.382148 0.516925 0.548526
165.944000 3.999773 3.130179 1.134841 -0.507377 -0.409226 0.540777 0.531660
166.944000 3.696695 3.172336 1.143327 -0.480871 -0.434892 0.564621 0.510720
167.944000 3.375663 3.177973 1.170621 -0.453448 -0.460672 0.586382 0.488183
168.944000 3.068662 3.150210 1.182488 -0.423885 -0.482970 0.607890 0.466402
169.956000 2.762823 3.103933 1.222384 -0.392397 -0.506564 0.628233 0.441295
171.052000 2.425611 3.000395 1.251467 -0.356926 -0.528660 0.649347 0.414091
172.052000 2.105301 2.885070 1.317523 -0.326231 -0.551985 0.663464 0.385619
173.056000 1.801555 2.734411 1.358633 -0.291949 -0.569702 0.679547 0.358359
174.152000 1.495062 2.519292 1.410506 -0.254571 -0.587750 0.693402 0.330058
175.152000 1.211639 2.346262 1.455790 -0.219616 -0.601939 0.706903 0.299544
176.152000 0.963774 2.135005 1.494258 -0.183320 -0.616425 0.716313 0.270756
177.156000 0.701388 1.938838 1.578188 -0.146639 -0.632823 0.723042 0.235038
178.156000 0.515266 1.694428 1.625472 -0.110083 -0.642331 0.730449 0.204295
179.252000 0.325276 1.393939 1.714977 -0.070879 -0.654727 0.733304 0.169037
180.252000 0.177422 1.093418 1.819838 -0.035640 -0.664492 0.734064 0.135389
181.256000 0.090102 0.797781 1.890232 0.001863 -0.667690 0.737106 0.104215
182.260000 0.026701 0.502126 1.994889 0.038396 -0.673571 0.734807 0.069907
183.260000 -0.004370 0.189154 2.042211 0.071467 -0.673768 0.734627 0.035386
184.260000 0.014827 -0.129014 2.117810 0.109332 -0.677243 0.727585 0.002906
185.264000 0.079498 -0.452351 2.164645 0.145715 -0.677004 0.720830 -0.028935
186.268000 0.174636 -0.764256 2.202501 0.181594 -0.673682 0.713698 -0.061734
187.368000 0.291130 -1.113108 2.247810 0.218695 -0.670123 0.702483 -0.098109
188.464000 0.430547 -1.450321 2.273780 0.255620 -0.664413 0.689109 -0.135437
189.464000 0.594679 -1.744128 2.287350 0.289906 -0.657929 0.674728 -0.166814
190.464000 0.754929 -2.019578 2.264426 0.321449 -0.648059 0.660566 -0.200854
191.464000 0.956192 -2.268140 2.253926 0.354112 -0.638274 0.643733 -0.229824
192.464000 1.149501 -2.540212 2.259103 -0.384395 0.627567 -0.623920 0.262913
193.468000 1.378829 -2.758167 2.188626 -0.415739 0.610004 -0.608268 0.291661
194.564000 1.677709 -2.985121 2.190907 -0.448538 0.595242 -0.582864 0.323683
195.564000 1.964254 -3.156389 2.132722 -0.474093 0.577841 -0.562734 0.353081
196.564000 2.294588 -3.294166 2.133361 -0.501791 0.560261 -0.537620 0.381154
197.568000 2.641419 -3.377611 2.120051 -0.528694 0.541012 -0.512869 0.405900
198.572000 2.983150 -3.451675 2.103239 0.554054 -0.520295 0.485667 -0.431793
199.668000 3.345903 -3.474764 2.075360 0.579604 -0.495754 0.457050 -0.457595
200.668000 3.684314 -3.546073 2.020007 0.599717 -0.472076 0.425367 -0.486360
201.668000 4.004035 -3.500199 1.982023 -0.620450 0.447529 -0.399032 0.505504
202.668000 4.315999 -3.458047 1.918796 -0.638453 0.420840 -0.368466 0.528681
203.668000 4.620045 -3.370861 1.876528 -0.656637 0.396241 -0.334700 0.547536
204.668000 4.880526 -3.223730 1.801150 -0.671918 0.366754 -0.303150 0.567553
205.668000 5.148314 -3.050591 1.753773 -0.686809 0.340178 -0.268379 0.583562
206.668000 5.393495 -2.839705 1.692846 -0.699208 0.312560 -0.234681 0.598615
207.668000 5.581140 -2.601243 1.628825 -0.709751 0.278496 -0.204333 0.613955
208.668000 5.808814 -2.358297 1.577803 -0.719754 0.248289 -0.167179 0.626385
209.668000 6.011318 -2.076595 1.518681 -0.727388 0.217239 -0.131883 0.637433
210.680000 6.197708 -1.771897 1.464531 -0.732076 0.186474 -0.094734 0.648319
211.680000 6.365035 -1.454048 1.439170 -0.736098 0.156560 -0.056007 0.656134
212.680000 6.530804 -1.112998 1.429676 -0.739888 0.125769 -0.016078 0.660674
213.680000 6.681355 -0.775870 1.415303 -0.740653 0.095640 0.023868 0.664618
214.680000 6.762527 -0.451059 1.409263 -0.738648 0.060475 0.056774 0.668968
215.692000 6.821770 -0.133012 1.389996 -0.733944 0.027980 0.092771 0.672263
216.788000 6.829027 0.223253 1.396196 -0.727931 -0.010499 0.129388 0.673250
217.788000 6.847693 0.572876 1.445736 -0.722745 -0.042681 0.167777 0.669080
218.788000 6.807629 0.908930 1.486001 -0.713938 -0.074895 0.205011 0.665323
219.792000 6.715290 1.210627 1.510497 -0.700517 -0.107458 0.240293 0.663315
220.888000 6.581986 1.547190 1.564593 -0.686978 -0.142784 0.279926 0.655222
221.892000 6.419661 1.805148 1.589312 -0.671230 -0.175848 0.312318 0.648834
222.988000 6.216072 2.063073 1.625380 -0.652553 -0.210854 0.346650 0.639959
223.988000 6.014607 2.304612 1.685527 -0.635213 -0.242860 0.378553 0.627870
224.988000 5.763808 2.515396 1.743513 -0.615975 -0.273897 0.408600 0.615306
225.988000 5.497061 2.699716 1.808471 -0.594187 -0.303803 0.438274 0.602130
226.988000 5.191173 2.883237 1.902732 -0.573112 -0.333248 0.466246 0.585751
227.988000 4.871819 3.042731 1.966145 -0.549337 -0.361291 0.493614 0.569248
228.988000 4.520495 3.166841 2.028722 -0.523650 -0.389962 0.518772 0.551902
229.988000 4.181699 3.242707 2.116433 -0.498591 -0.417662 0.541807 0.532364
230.992000 3.820010 3.275686 2.169717 -0.471138 -0.443289 0.565219 0.511910
232.092000 3.428191 3.271950 2.230248 -0.438435 -0.470974 0.589666 0.488111
233.092000 3.062356 3.222333 2.274393 -0.409318 -0.495268 0.609353 0.464605
234.188000 2.669133 3.122761 2.334767 -0.375820 -0.520099 0.629982 0.437468
235.188000 2.335399 2.970121 2.354051 -0.342706 -0.540294 0.647350 0.414214
236.188000 2.008614 2.789587 2.380503 -0.310857 -0.558777 0.664103 0.387431
237.188000 1.728880 2.563642 2.426260 -0.277966 -0.578221 0.677348 0.359993
238.192000 1.471683 2.310961 2.431666 -0.242961 -0.594198 0.691251 0.331769
239.288000 1.222847 1.962335 2.425802 -0.205845 -0.609796 0.703844 0.300633
240.292000 1.000510 1.671901 2.432218 -0.170959 -0.622733 0.714233 0.269903
241.388000 0.805499 1.322801 2.390888 -0.131912 -0.635412 0.722389 0.238757
242.388000 0.646860 1.011870 2.342489 -0.096016 -0.645329 0.728590 0.208536
243.400000 0.508242 0.680704 2.322956 -0.059555 -0.655855 0.731599 0.176265
244.412000 0.400692 0.349284 2.284392 -0.023889 -0.663664 0.733556 0.144482
245.412000 0.309575 0.024711 2.272941 0.012254 -0.670053 0.733801 0.111424
246.412000 0.261151 -0.297310 2.266462 0.049030 -0.674253 0.732384 0.081202
247.412000 0.219543 -0.621161 2.246397 0.085424 -0.677910 0.728532 0.048795
248.424000 0.227113 -0.957211 2.208905 0.120729 -0.678679 0.724281 0.015366
249.428000 0.272391 -1.266032 2.145220 0.157185 -0.677358 0.718466 -0.016935
250.524000 0.359672 -1.607755 2.072363 0.195666 -0.673595 0.710750 -0.053099
251.524000 0.494490 -1.936330 2.036534 0.230740 -0.670104 0.700304 -0.085403
252.524000 0.670270 -2.238869 2.002149 0.266322 -0.664519 0.688432 -0.116398
253.524000 0.871440 -2.535080 1.958080 0.298634 -0.657223 0.675609 -0.149762
254.524000 1.088423 -2.802554 1.961242 0.331545 -0.649427 0.659432 -0.182954
255.524000 1.331409 -3.028175 1.961762 0.364309 -0.639809 0.642101 -0.213611
256.528000 1.593896 -3.217114 1.947900 -0.396227 0.625996 -0.625731 0.244119
257.628000 1.912503 -3.417396 1.995429 -0.432131 0.615328 -0.598862 0.275678
258.728000 2.224500 -3.541360 1.973997 -0.462950 0.597114 -0.577743 0.308781
259.824000 2.548983 -3.641717 1.979056 -0.493044 0.580051 -0.551247 0.341432
260.824000 2.838849 -3.672501 1.938024 -0.520145 0.561303 -0.527915 0.368367
261.824000 3.109304 -3.689939 1.881682 0.545449 -0.542298 0.501730 -0.395809
262.824000 3.382466 -3.689886 1.812791 0.569570 -0.522934 0.473026 -0.422347
263.824000 3.645110 -3.644228 1.707585 0.593436 -0.499403 0.446626 -0.446044
264.824000 3.899817 -3.598009 1.583382 0.612741 -0.476857 0.417483 -0.472084
265.824000 4.146125 -3.509144 1.459980 0.634063 -0.452927 0.387413 -0.492679
266.832000 4.376151 -3.409135 1.296949 -0.651076 0.429288 -0.355903 0.514923
267.832000 4.612698 -3.293209 1.157980 -0.669038 0.402958 -0.323868 0.533969
268.832000 4.823981 -3.164789 0.969476 -0.682285 0.374269 -0.293133 0.555413
269.832000 5.045716 -2.995730 0.839003 -0.697963 0.347468 -0.258868 0.570177
270.832000 5.236627 -2.792675 0.694883 -0.710223 0.318004 -0.225780 0.586073
271.832000 5.411909 -2.567261 0.540291 -0.719771 0.287410 -0.193353 0.601615
272.832000 5.617864 -2.339089 0.418415 -0.730306 0.257765 -0.152202 0.614041
273.836000 5.757743 -2.100474 0.310983 -0.736597 0.226325 -0.116535 0.626595
274.936000 5.888497 -1.815701 0.191165 -0.743380 0.190681 -0.075030 0.636708
275.940000 5.961130 -1.535837 0.097105 -0.746292 0.159276 -0.040305 0.645023
276.940000 6.013634 -1.243434 0.006364 -0.748525 0.128028 -0.001688 0.650628
277.940000 6.056704 -0.921270 -0.069178 -0.754510 0.093632 0.038826 0.648414
278.944000 6.015520 -0.636518 -0.179653 -0.750488 0.060078 0.060281 0.655382
279.944000 6.095191 -0.210245 -0.295777 -0.761259 0.019545 0.130570 0.634865
281.044000 6.054893 0.160790 -0.442489 -0.755979 -0.022810 0.182750 0.628154
282.044000 5.980128 0.496637 -0.581966 -0.754513 -0.056535 0.235796 0.609848
