#timestamp x y z qx qy qz qw
46.108000 0.627276 0.033441 0.457835 -0.009320 0.726098 -0.675814 -0.126375
47.108000 0.738794 -0.003612 1.086193 -0.005656 0.735509 -0.665434 -0.127252
48.108000 0.850354 -0.001238 1.628001 -0.004852 0.736491 -0.665235 -0.122552
49.108000 0.932266 -0.059944 2.195544 -0.002360 0.736042 -0.665100 -0.126012
50.108000 0.978145 -0.085877 2.537427 -0.002403 0.735906 -0.665338 -0.125546
51.108000 1.062477 -0.090572 2.865267 -0.003356 0.732962 -0.668439 -0.126274
52.108000 1.148960 -0.137941 3.230491 0.001483 0.733601 -0.667975 -0.125050
53.108000 1.290867 -0.154637 3.543522 0.000483 0.733219 -0.668183 -0.126176
54.108000 1.387842 -0.174143 3.894674 0.000418 0.733620 -0.668060 -0.124488
55.112000 1.452545 -0.221516 4.328378 -0.000042 0.734544 -0.667691 -0.120972
56.112000 1.556415 -0.273701 4.752980 -0.000741 0.738768 -0.663306 -0.119360
57.112000 1.723392 -0.256047 5.128678 -0.000759 0.737920 -0.664027 -0.120592
58.112000 1.793988 -0.356132 5.594809 0.000330 0.745899 -0.655935 -0.115690
59.112000 1.933901 -0.299208 5.958003 -0.001484 0.745785 -0.656156 -0.115161
60.112000 1.987346 -0.199776 6.372481 -0.006915 0.736815 -0.666966 -0.110513
61.112000 1.988403 -0.154461 6.790416 -0.005403 0.731066 -0.674298 -0.104098
62.112000 2.001180 -0.206414 7.266144 -0.000991 0.730237 -0.675805 -0.100205
63.112000 1.946427 -0.280985 7.803527 -0.002193 0.733304 -0.672993 -0.096644
64.212000 1.928436 -0.104197 8.282714 -0.000556 0.726616 -0.681035 -0.090669
65.212000 2.247174 -0.502399 8.727886 -0.011377 0.736953 -0.668023 -0.102551
66.212000 2.384292 0.057392 9.065768 -0.014563 0.719314 -0.686337 -0.106378
67.212000 1.812535 -0.956545 9.692497 0.000409 0.752796 -0.651863 -0.091497
68.212000 1.957057 -1.102344 10.014446 -0.000053 0.755407 -0.648295 -0.095255
89.216000 2.515400 -1.066354 9.854197 -0.030739 0.757412 -0.644411 -0.100583
90.216000 2.153319 0.149195 8.905451 -0.008202 0.722509 -0.683590 -0.103048
91.216000 1.736664 -0.132753 8.066226 -0.001591 0.732106 -0.674206 -0.097284
92.216000 1.626848 -0.093764 7.089756 -0.006263 0.734860 -0.670053 -0.104741
93.216000 1.600592 0.011483 6.034873 -0.010611 0.728400 -0.675322 -0.115159
94.216000 1.407678 0.054836 5.043286 -0.004128 0.722727 -0.680215 -0.122296
95.224000 1.146086 0.078105 4.101450 -0.001886 0.728561 -0.673797 -0.123258
96.224000 0.946101 0.095739 3.196738 -0.001440 0.731457 -0.670158 -0.125923
97.224000 0.702004 0.333466 3.040927 0.007673 0.720744 -0.684283 -0.110571
98.224000 0.384116 0.815991 3.128605 0.007662 0.724469 -0.679027 -0.118357
99.224000 0.019001 1.366183 3.259750 0.007926 0.724783 -0.678715 -0.118201
100.224000 -0.297709 1.923679 3.326205 0.006705 0.724170 -0.679483 -0.117627
101.224000 -0.575817 2.461406 3.406393 0.005679 0.724219 -0.679076 -0.119710
102.224000 -0.869844 3.012378 3.525365 0.007513 0.725172 -0.678370 -0.117826
103.224000 -1.185242 3.552925 3.558740 0.010555 0.726792 -0.676794 -0.116672
104.228000 -1.537186 4.098324 3.651186 0.007332 0.729504 -0.674573 -0.112788
105.228000 -1.902095 4.626938 3.715384 0.010120 0.730775 -0.672722 -0.115374
106.228000 -2.247105 5.150805 3.812711 0.010785 0.727851 -0.675784 -0.115900
107.228000 -2.605078 5.648906 3.901973 0.012329 0.726270 -0.677371 -0.116398
108.228000 -2.971284 6.156828 4.021765 0.015107 0.726284 -0.676919 -0.118596
109.228000 -3.266770 6.655232 4.160342 0.017841 0.726991 -0.676136 -0.118348
110.228000 -3.617093 7.154886 4.273913 0.015804 0.731617 -0.671574 -0.116085
111.228000 -4.006103 7.634550 4.393735 0.006328 0.739423 -0.662023 -0.122226
112.228000 -4.221478 7.643499 4.468797 0.002620 0.759104 -0.638978 -0.124342
113.228000 -4.379505 7.024804 4.424972 0.004005 0.752202 -0.648629 -0.116004
114.228000 -4.490067 6.317972 4.337154 0.001904 0.749859 -0.651734 -0.113797
115.228000 -4.576708 5.603745 4.315651 -0.000636 0.751501 -0.649928 -0.113314
116.228000 -4.657258 4.924374 4.259793 -0.004141 0.751582 -0.649773 -0.113587
117.228000 -4.709727 4.272447 4.190995 -0.008490 0.749247 -0.652090 -0.115478
118.228000 -4.765839 3.590119 4.130371 -0.012003 0.749123 -0.651746 -0.117894
119.228000 -4.828907 2.918322 4.050955 -0.009952 0.747762 -0.653127 -0.119073
120.228000 -4.897693 2.267241 3.976292 -0.010761 0.745431 -0.655426 -0.120973
121.228000 -5.000069 1.610538 3.863686 -0.009841 0.744134 -0.656717 -0.122026
122.228000 -5.091197 0.952662 3.782798 -0.010371 0.742525 -0.658036 -0.124651
123.228000 -5.205512 0.271177 3.682535 -0.008159 0.741777 -0.658165 -0.128526
124.228000 -5.363894 -0.396978 3.628780 -0.006595 0.739682 -0.660262 -0.129926
125.232000 -5.473719 -1.109933 3.561736 -0.005493 0.737137 -0.662791 -0.131557
126.236000 -5.620241 -1.800286 3.391855 -0.004214 0.732160 -0.668081 -0.132636
127.236000 -5.759446 -2.513214 3.333949 -0.004700 0.732490 -0.667680 -0.132815
128.336000 -5.907629 -3.285380 3.281694 -0.005181 0.732537 -0.667733 -0.132272
129.336000 -6.007850 -3.987916 3.228550 -0.005228 0.733093 -0.666956 -0.133103
130.336000 -6.142760 -4.667718 3.118301 -0.003005 0.731100 -0.669586 -0.130912
131.336000 -6.214270 -5.328903 3.018364 -0.001070 0.729100 -0.671244 -0.133583
132.336000 -6.258246 -6.029028 2.990943 -0.051422 0.712069 -0.676442 -0.180942
133.336000 -5.829227 -6.248395 2.819998 -0.021655 0.723840 -0.674173 -0.145184
134.336000 -5.190999 -6.349964 2.629962 -0.014724 0.723376 -0.676864 -0.135519
135.336000 -4.547693 -6.407180 2.514075 -0.012364 0.724616 -0.677502 -0.125579
136.336000 -3.894440 -6.434247 2.378973 0.002730 0.727796 -0.676984 -0.109538
137.336000 -3.552844 -6.228216 2.362137 0.001684 0.717965 -0.687217 -0.110706
138.336000 -3.410996 -5.608428 2.394906 -0.004087 0.724259 -0.679760 -0.115582
139.336000 -3.317608 -4.982028 2.457262 -0.008596 0.727672 -0.675744 -0.117432
140.336000 -3.208999 -4.309129 2.526723 -0.009638 0.727796 -0.675393 -0.118594
141.336000 -3.116500 -3.679304 2.629288 -0.006923 0.729737 -0.673233 -0.119133
142.336000 -2.994453 -3.059201 2.751535 -0.004946 0.731181 -0.671205 -0.121794
143.336000 -2.873427 -2.414282 2.871272 -0.005409 0.730430 -0.671593 -0.124122
144.336000 -2.773626 -1.798935 2.999327 -0.005932 0.729922 -0.671582 -0.127108
145.336000 -2.674869 -1.177209 3.133445 -0.005655 0.729423 -0.671531 -0.130219
146.336000 -2.602915 -0.541076 3.206088 -0.005795 0.728039 -0.672774 -0.131533
147.336000 -2.499407 0.134652 3.256986 -0.006894 0.724669 -0.675752 -0.134785
148.336000 -2.360579 0.788151 3.319301 -0.005540 0.724284 -0.676025 -0.135545
149.336000 -2.255196 1.459238 3.332392 -0.003780 0.722760 -0.678150 -0.133102
150.336000 -2.160076 2.146504 3.308303 -0.002150 0.720755 -0.680965 -0.129596
151.336000 -2.047735 2.837430 3.338269 0.007409 0.726930 -0.675462 -0.123571
152.336000 -1.938793 3.529857 3.368702 0.004409 0.724810 -0.678578 -0.119006
153.336000 -1.858927 4.242429 3.355240 0.008688 0.722812 -0.679728 -0.124245
154.336000 -1.748979 4.967756 3.367490 0.006465 0.719241 -0.683051 -0.126853
155.336000 -1.670208 5.691486 3.442023 0.007632 0.720630 -0.681992 -0.124584
156.336000 -1.587316 6.412245 3.538967 0.009367 0.722541 -0.679858 -0.125062
157.336000 -1.486222 7.133751 3.628250 0.009692 0.734532 -0.667572 -0.121310
158.336000 -1.251126 7.569668 3.623720 -0.008385 0.741355 -0.655964 -0.141542
159.336000 -0.642943 7.594446 3.535927 -0.002728 0.737767 -0.662040 -0.131894
160.336000 0.048591 7.492030 3.427222 -0.003698 0.737564 -0.662842 -0.128942
161.336000 0.749725 7.350148 3.258145 -0.004552 0.738568 -0.661705 -0.129010
162.336000 1.375977 7.183029 3.089785 0.017999 0.732773 -0.671979 -0.105665
163.336000 1.593452 6.832019 2.966969 0.008724 0.750112 -0.650925 -0.116412
164.340000 1.535429 6.228259 2.833294 0.003649 0.745800 -0.654946 -0.121712
165.340000 1.413639 5.570387 2.782901 -0.000166 0.747552 -0.652880 -0.122121
166.340000 1.323497 4.958165 2.620378 0.000147 0.743951 -0.656490 -0.124728
167.340000 1.215972 4.318454 2.533259 -0.000296 0.743340 -0.657213 -0.124570
168.340000 1.115783 3.655670 2.441492 -0.000128 0.742931 -0.657565 -0.125143
169.340000 1.023647 2.968162 2.375887 -0.002133 0.745188 -0.654968 -0.125328
170.340000 0.925706 2.246799 2.288946 -0.001244 0.746175 -0.653910 -0.124995
171.340000 0.810878 1.541167 2.202438 -0.002232 0.745841 -0.654317 -0.124845
172.340000 0.680517 0.818315 2.117694 -0.003004 0.745721 -0.654351 -0.125362
173.340000 0.551156 0.089380 2.023180 -0.001010 0.745279 -0.654435 -0.127566
174.340000 0.405720 -0.635573 1.951809 0.004662 0.749162 -0.650237 -0.126198
175.340000 0.212078 -1.351503 1.855749 0.005443 0.748947 -0.650775 -0.124664
176.340000 0.018994 -2.073067 1.772291 0.003099 0.749179 -0.650678 -0.123855
177.340000 -0.182742 -2.835045 1.751218 0.000490 0.755026 -0.644600 -0.120110
178.340000 -0.366273 -3.533653 1.650934 -0.004062 0.754478 -0.645557 -0.118332
179.340000 -0.495528 -4.273040 1.568891 -0.005971 0.754120 -0.645460 -0.121031
180.340000 -0.640732 -5.053598 1.569000 -0.014613 0.758663 -0.640298 -0.119314
181.340000 -0.753265 -5.784394 1.524477 -0.014963 0.757434 -0.641552 -0.120338
182.340000 -0.843064 -6.439614 1.437489 -0.019761 0.745858 -0.654988 -0.119568
183.340000 -0.699898 -6.909184 1.413685 -0.044148 0.740595 -0.656206 -0.137710
184.340000 -0.152167 -7.065783 1.341161 -0.031661 0.749876 -0.649271 -0.123005
185.340000 0.518848 -7.185530 1.319633 -0.023296 0.759654 -0.639303 -0.116940
186.340000 1.183178 -7.182588 1.202424 -0.025968 0.758195 -0.641544 -0.113526
187.340000 1.897575 -7.253042 1.105801 0.003768 0.740363 -0.666593 -0.086610
188.340000 2.159377 -6.920523 1.148931 -0.014145 0.745816 -0.657703 -0.104813
189.340000 2.303662 -6.271163 1.194664 -0.016502 0.746337 -0.655617 -0.113475
190.340000 2.350724 -5.620854 1.316083 -0.010954 0.742327 -0.660617 -0.111426
191.340000 2.443702 -4.922699 1.369055 -0.008690 0.735204 -0.668194 -0.113651
192.340000 2.539824 -4.268941 1.439082 -0.005079 0.727655 -0.675929 -0.116671
193.340000 2.630517 -3.585843 1.485067 -0.000335 0.726368 -0.676414 -0.121878
194.340000 2.740601 -2.926984 1.524134 -0.005189 0.728718 -0.673990 -0.121162
195.340000 2.867424 -2.297245 1.587822 -0.004607 0.726577 -0.675138 -0.127486
196.340000 3.012748 -1.683397 1.641842 -0.001078 0.723746 -0.678012 -0.128414
197.340000 3.139212 -1.035777 1.690587 0.000711 0.722449 -0.679543 -0.127623
198.340000 3.269308 -0.378572 1.746893 0.003676 0.719988 -0.682069 -0.128002
199.340000 3.377911 0.303673 1.778192 0.000680 0.717967 -0.684403 -0.126946
200.340000 3.506358 0.943501 1.809599 -0.000825 0.718172 -0.683827 -0.128873
201.340000 3.619502 1.622433 1.853050 -0.001798 0.718633 -0.683254 -0.129335
202.340000 3.726551 2.315015 1.885977 -0.005088 0.718414 -0.683609 -0.128588
203.340000 3.847754 3.011668 1.936391 -0.006970 0.720702 -0.681029 -0.129384
204.340000 3.960690 3.714353 1.994203 -0.004855 0.723203 -0.678674 -0.127887
205.340000 4.052648 4.423093 2.040674 -0.010205 0.724726 -0.678580 -0.119153
206.340000 4.137926 5.129106 2.091980 -0.013232 0.725442 -0.678450 -0.115168
207.340000 4.235960 5.826857 2.153128 -0.012579 0.726001 -0.677988 -0.114440
208.340000 4.278071 6.465321 2.192641 -0.033331 0.752037 -0.643242 -0.139888
209.340000 4.671600 6.633867 2.117190 -0.022402 0.735989 -0.663440 -0.132913
210.340000 5.344471 6.559796 1.983759 -0.008941 0.731935 -0.667917 -0.134456
211.340000 5.992069 6.409833 1.822856 0.001331 0.727684 -0.671323 -0.140712
212.340000 6.700795 6.199424 1.769568 0.013044 0.729346 -0.669030 -0.142415
213.340000 7.168622 5.928244 1.715081 0.038434 0.752852 -0.643285 -0.133870
214.340000 7.092664 5.380976 1.683475 0.030189 0.740780 -0.655675 -0.142916
215.340000 6.922907 4.749653 1.661196 0.025750 0.735233 -0.661371 -0.146144
216.340000 6.719656 4.084462 1.676836 0.022065 0.736281 -0.661537 -0.140613
217.340000 6.565889 3.401482 1.707774 0.012488 0.738750 -0.660698 -0.132553
218.340000 6.457843 2.770883 1.728314 0.003359 0.738515 -0.662844 -0.123377
219.340000 6.346292 2.108812 1.723808 0.004926 0.738414 -0.663460 -0.120583
220.344000 6.243185 1.477043 1.693441 0.004401 0.737964 -0.664665 -0.116667
221.440000 6.145802 0.787576 1.664022 0.004743 0.737463 -0.665938 -0.112485
222.440000 6.068427 0.145875 1.611444 0.005533 0.735053 -0.669218 -0.108694
223.440000 6.000428 -0.533946 1.582159 0.005757 0.734158 -0.670677 -0.105699
224.440000 5.931762 -1.212021 1.555539 0.009002 0.732120 -0.673268 -0.103098
225.440000 5.874122 -1.918096 1.554073 0.008741 0.730637 -0.675427 -0.099454
226.440000 5.792499 -2.613688 1.521982 0.009894 0.726286 -0.680644 -0.095581
227.440000 5.702952 -3.322450 1.539050 0.010310 0.725563 -0.681625 -0.094021
228.440000 5.593168 -4.050726 1.515868 0.009338 0.722607 -0.684871 -0.093297
229.440000 5.455291 -4.746040 1.475290 0.010727 0.718936 -0.689277 -0.088961
230.440000 5.347314 -5.475098 1.474894 0.011788 0.714656 -0.693925 -0.087160
231.440000 5.222281 -6.179111 1.492388 0.013816 0.710861 -0.698203 -0.083657
232.440000 5.140016 -7.034843 1.454396 0.010172 0.718758 -0.689097 -0.091813
233.440000 5.013361 -7.655193 1.299503 -0.021353 -0.642024 0.762953 0.072467
234.440000 4.793910 -7.541436 1.354769 -0.013034 -0.691672 0.715818 0.094999
235.440000 4.549146 -7.081937 1.424881 0.011143 0.706773 -0.699315 -0.106331
236.440000 4.222992 -6.427381 1.473886 0.011580 0.711228 -0.694520 -0.107994
237.440000 4.017048 -5.866814 1.518914 0.010471 0.717479 -0.687126 -0.113895
238.440000 3.748569 -5.303899 1.568259 0.008886 0.722278 -0.682479 -0.111615
239.440000 3.502829 -4.724255 1.590365 0.006192 0.726087 -0.678307 -0.112512
240.440000 3.215262 -4.141098 1.616323 0.004066 0.728063 -0.676301 -0.111911
241.440000 2.940527 -3.586476 1.686465 0.005727 0.730194 -0.673457 -0.115061
242.440000 2.626405 -3.011445 1.730848 0.002301 0.731429 -0.672124 -0.115136
243.440000 2.329890 -2.439629 1.770488 0.004910 0.728806 -0.674646 -0.116918
244.440000 2.040429 -1.845658 1.832565 0.011218 0.724626 -0.677950 -0.123189
245.440000 1.718180 -1.264770 1.905808 0.004439 0.727858 -0.674394 -0.124083
246.440000 1.380967 -0.643977 1.959003 0.002627 0.728338 -0.673956 -0.123693
247.440000 1.132259 -0.125531 2.024293 -0.005943 0.751633 -0.645140 -0.137137
248.440000 1.095628 0.021767 1.992404 -0.003072 0.739255 -0.660427 -0.131637
249.440000 1.010004 0.059750 1.965145 -0.005005 0.735428 -0.665243 -0.128732
250.440000 0.993146 0.101308 1.876760 -0.001266 0.734782 -0.666259 -0.127248
252.440000 0.950788 0.133492 1.822919 0.000809 0.735637 -0.665632 -0.125582
256.440000 0.915503 0.137167 1.906366 -0.002236 0.736597 -0.664434 -0.126284
257.440000 0.919222 0.131994 1.943004 -0.002348 0.735190 -0.665831 -0.127121
259.440000 0.936268 0.099276 2.025174 -0.001348 0.736769 -0.664467 -0.125114
261.440000 1.022805 0.118152 2.035764 -0.002019 0.735203 -0.665631 -0.128095
263.440000 1.056232 0.138124 1.991604 -0.000727 0.735643 -0.664741 -0.130185
264.440000 1.042110 0.172638 1.907586 -0.003475 0.734449 -0.666469 -0.128026
265.440000 1.082155 0.191801 1.839509 -0.005670 0.735382 -0.665208 -0.129150
266.440000 1.024593 0.219363 1.757845 -0.009342 0.737485 -0.663979 -0.123131
267.440000 1.018493 0.252196 1.671147 -0.001864 0.737322 -0.663466 -0.127142
268.440000 0.978119 0.292358 1.569630 -0.008092 0.730853 -0.669772 -0.131126
269.440000 0.961040 0.312935 1.463561 -0.003917 0.736064 -0.665037 -0.126173
270.440000 0.936141 0.319483 1.381788 -0.004413 0.735808 -0.665306 -0.126236
271.440000 0.891807 0.308763 1.328532 -0.000241 0.737686 -0.664270 -0.120685
273.440000 0.864818 0.319907 1.231104 -0.000797 0.738023 -0.663330 -0.123752
274.440000 0.858817 0.327892 1.143808 -0.000012 0.736299 -0.665471 -0.122523
275.440000 0.886680 0.317865 1.079792 -0.004638 0.733347 -0.667193 -0.130517
277.440000 0.883908 0.297320 0.965843 -0.008913 0.727396 -0.673298 -0.132233
278.440000 0.862112 0.289298 0.858027 -0.012282 0.728543 -0.672007 -0.132217
279.440000 0.870277 0.265663 0.812509 -0.003138 0.734777 -0.665586 -0.130720
281.440000 0.777396 0.244528 0.675381 0.000902 0.736834 -0.663323 -0.130685
282.440000 0.700621 0.233216 0.553103 0.000966 0.736372 -0.663898 -0.130361
284.440000 0.661911 0.285690 0.635094 0.008213 0.754620 -0.643892 -0.126032
285.440000 0.606497 0.339707 0.577325 0.010400 0.754994 -0.643751 -0.124342
293.440000 0.398455 0.190487 0.269490 -0.003693 0.737854 -0.665001 -0.115464
294.440000 0.421869 0.121479 0.357834 0.000445 0.744060 -0.657264 -0.119910
296.440000 0.363581 0.035996 0.390202 0.002269 0.744023 -0.658384 -0.113819
297.440000 0.368138 -0.007014 0.427619 0.003638 0.746452 -0.655054 -0.117052
299.440000 0.325984 -0.060213 0.486027 0.005366 0.746345 -0.655560 -0.114810
301.440000 0.253779 -0.110072 0.551300 0.008211 0.742311 -0.660516 -0.112365
303.440000 0.148058 -0.124870 0.588966 0.006229 0.738088 -0.664863 -0.114650
305.440000 0.088210 -0.087284 0.610601 0.003936 0.737885 -0.664707 -0.116936
308.440000 0.085466 -0.035853 0.735787 0.002397 0.744149 -0.656708 -0.122356
311.440000 0.097601 -0.069863 0.806983 0.003519 0.743441 -0.657619 -0.121738
313.440000 0.112217 -0.101739 0.829651 0.000845 0.743732 -0.656785 -0.124480
315.440000 0.084262 -0.130302 0.885810 0.001941 0.739370 -0.662265 -0.121387
317.440000 0.043266 -0.170105 0.992803 -0.001371 0.739564 -0.661885 -0.122279
319.440000 -0.000036 -0.192852 1.092276 -0.000235 0.740727 -0.660900 -0.120560
320.440000 0.017860 -0.187810 1.114805 -0.004499 0.740912 -0.660354 -0.122318
322.440000 0.033953 -0.186510 1.190153 -0.000760 0.742170 -0.659789 -0.117732
324.440000 0.128001 -0.164169 1.271911 -0.006228 0.734952 -0.666468 -0.125009
325.440000 0.140305 -0.169696 1.361390 -0.006722 0.737193 -0.664189 -0.123915
326.440000 0.170665 -0.166496 1.371775 -0.004828 0.737648 -0.663980 -0.122402
327.444000 0.198635 -0.173219 1.437776 -0.004779 0.737468 -0.664063 -0.123038
328.540000 0.211279 -0.172377 1.528963 -0.005363 0.737351 -0.663927 -0.124444
329.540000 0.201266 -0.173365 1.573465 -0.004234 0.739521 -0.662068 -0.121478
332.540000 0.128123 -0.268745 1.604995 -0.003995 0.737158 -0.664063 -0.124906
333.540000 0.130403 -0.325628 1.582827 -0.003620 0.736200 -0.664655 -0.127397
334.540000 0.146668 -0.376698 1.545240 -0.004685 0.733624 -0.667434 -0.127691
335.540000 0.172723 -0.425980 1.519011 -0.006053 0.733194 -0.668198 -0.126100
337.540000 0.214519 -0.501556 1.527786 -0.004732 0.737404 -0.663930 -0.124136
339.540000 0.265204 -0.515479 1.467749 -0.003938 0.735836 -0.665842 -0.123228
